transform_base_2_hand:
  trans: [0.308, -0.000, 0.588]
  rot: [-0.002, 1.000, 0.006, -0.002] 
  
transform_hand_2_cam:
  trans: [0.05073875796492183, -0.03418064441841842, 0.033397]
  rot: [0.7140855447, 0.005087158, -0.00459640, 0.70002409]
